1912022811593
1912021168726
191202149063
19120241230234
1912021147647
1912021704963
19120241230072
1912021196708
1912021300119
1912021243927
1912021686842
19120241077948
1912021514796
1912021498048
1912021587334
1912021587477
19120241253299
1912021420159
1912021546594
19120241063285
1912021699917
1912021569163
1912021693962
19120241063231
19120241058246
1912021579807
1912021623826
1912021693986
1912021694367
1912021694401
19120241286311
19120241058141
19120241222607
19120241219039
19120241076016
19120241245119
19120241217100
19120241091146
19120241083895
19120241265283
19120241215653
19120241236985
19120241074324
1912021697888
1912021697916
1912023912775
1912021698225
1912021700101
1912021698299
1912021698307
1912021700120
19120241291952
1912021698593
1912021698777
1912021699417
19120241245611
19120241066451
19120241208848
19120241207303
1912023992173
19120241106152
19120241200851
19120241106565
19120241106629
19120231045062
1912022727366
1912022714992
19120241094450
19120231045041
19120241269601
19120241195379
19120241195373
19120231050477
19120241273594
1912022715105
19120241295708
1912021709489
19120241137753
19120241071012
1912022729636
19120231050422
19120241189469
1912021710372
19120241096229
1912022711261
1912022717456
1912022711530
19120231015950
19120241186355
19120241122636
1912023948721
19120231050003
19120241122125
1912023926967
19120241121731
19120241121430
19120241120966
19120241119543
19120241231490
19120241239170
1912023951736
1912023951759
19120241120320
19120231039632
19120241071719
1912021710938
1912022712908
19120241186099
19120241178799
1912022713654
19120241184727
19120241182114
19120241288857
19120241230945
19120241075759
19120241181382
1912022721403
19120241089886
19120241248843
19120241272734
19120241178989
19120241252735
19120241177444
19120241176483
1912022729806
19120241176478
1912022728793
19120241174883
1912022746687
19120241174568
19120241088905
19120241174080
19120241173258
19120241173168
19120241173043
19120241287395
19120241172163
19120241171592
19120241171590
19120241171323
19120241169611
19120241167959
19120241088738
19120241166840
19120241238649
1912022725088
19120241088637
1912022725101
19120241274456
19120241274506
19120241109895
19120241162842
19120241110199
19120241162480
19120241162271
19120241161994
19120241088222
19120241110329
19120241294845
19120241160731
19120231013857
19120241160336
19120241098231
1912022725860
19120231023878
19120241111292
19120241086966
1912022726134
19120241158487
1912022726293
19120241158228
19120241157118
19120241086522
1912022726378
19120251298743
19120241137963
1912022726555
19120241086670
1912022726683
1912023983757
19120241104599
1912022727042
19120241074840
19120241153219
19120231049868
1912022734927
19120241152162
1912022735101
19120231050210
1912022739376
1912022736971
1912023896897
19120241256107
19120241276085
19120241245612
19120241149385
19120241062211
1912023816189
19120241084627
19120241102410
19120241148255
19120241232103
19120241148056
19120241251284
19120241147752
1912022801674
1912022795653
19120241146542
19120241146197
19120241145900
19120241112072
19120241102039
19120241144732
19120241271869
19120241142165
19120241142051
19120241141622
19120241141546
1912022773471
19120241141129
19120241295802
1912022766189
19120241231518
19120241112324
19120241230938
19120241063708
19120241290836
19120241231525
1912023831698
19120241136527
19120241135827
19120241112861
1912023819490
19120251311072
19120241195389
19120241132635
19120241131704
1912023822657
19120241255731
19120241130054
19120241083193
19120231051016
19120241128682
19120241128525
19120241234289
19120241101019
19120241126640
19120231025484
19120241115430
19120251316678
19120251304410
1912023973540
19120231010702
19120241125967
1912023881598
19120251316304
19120241125225
19120241118520
19120241247550
19120241124123
19120241123975
1912023925996
19120241123424
19120241123330
19120251303078
1912023965389
1912023965119
19120241120302
1912022756972
1912022791008
1912022810227
1912023928487
1912023867574
1912023953031
19120241069093
1912023948706
1912023965439
1912023879501
19120231003933
19120231029970
1912023999221
19120231049721
19120231010219
1912023888579
19120231050058
19120241232114
19120231002157
1912023911713
19120241074328
19120241076804
19120231053627
19120241058714
19120241064877
1912023919724
19120241065134
19120241238762
19120241267111
19120241247489
19120241259660
19120241243959
19120241252182
19120241086287
19120241086640
19120241087593
19120241088007
19120241088197
19120241277119
19120241097896
19120241098069
19120241103806
19120251312441
19120241112211
19120251301413
19120241117281
19120241117832
19120241118625
19120241124150
19120241131503
19120241137456
19120241138789
19120241147453
19120241157910
19120241158424
19120241158769
19120241161534
19120241164767
19120241167611
19120241172018
19120241173646
19120241174436
19120241175609
19120241180249
19120241181460
19120241191941
19120241212357
19120241222171
19120241230610
19120241280476
19120241230548
19120231055730
19120241062150
19120241161398
1912023964017
19120241272553
19120241076173
19120241143598
19120241133521
19120241131410
1912023951620
19120241231487
19120241130070
19120241129536
19120241127993
19120231050667
19120251316233
1912023975326
19120241122014
19120251315159
19120241119729
1912023999660
19120231030310
19120241109843
19120251299361
1912023979102
19120241098720
19120241290055
1912023913220
19120231050237
19120231051230
19120231051870
19120241093217
19120241272715
19120241090560
19120231051272
19120241090592
19120241265072
19120241071925
1912023991797
19120241259763
1912022773172
19120241292651
19120241222979
19120241222630
19120241215546
19120241082182
1912023845818
19120241195460
1912023825802
19120241086306
19120241179069
19120241178809
19120241177119
1912023952367
19120241173054
19120241062347
19120241059649
19120241088155
19120241166578
19120241166574
19120241166152
19120241076485
19120241060940
19120251317397
19120251317383
19120251313695
19120251315886
19120251315633
19120251309091
19120251315498
19120251315415
19120251315358
19120251313179
19120251310920
19120251312614
19120251305106
19120251308741
19120251311734
19120251311728
19120251310688
19120251310143
19120251310389
19120251310136
19120251310082
19120251309790
19120251309122
19120251308473
19120251309043
19120251307848
19120251308763
19120251308719
19120251308111
19120251307954
19120241207886
19120251307338
19120251307311
19120251307169
19120251307216
19120251306192
19120251302143
19120251305320
19120251304933
19120251302821
19120251304747
19120251304684
19120251304622
19120251304268
19120251304041
19120251299138
19120251297705
19120251303084
19120251302942
19120251302603
19120251302021
19120251301786
19120251301345
19120251300376
19120251301081
19120241294967
19120251296164
19120241279337
19120251297529
19120251298404
19120251299455
19120241293289
19120251298965
19120251296513
19120251298252
19120251298094
19120251297896
19120251296861
19120251297913
19120251297652
19120251297562
19120251296436
19120251296887
19120251296873
19120251296840
19120241295816
19120251296201
19120251296429
19120241295794
19120241295642
19120241295422
19120241295359
19120241295224
19120241295316
19120241295186
19120241295027
19120241294973
19120241294948
19120241294699
19120241293711
19120241293096
19120241292804
19120241292777
19120241292820
19120241292758
19120241292678
19120241292632
19120241292612
19120241292367
19120241272437
19120241289977
19120241291337
19120241290213
19120241266401
19120241289587
19120241289427
19120241289290
19120241279384
19120241288954
19120241288368
19120241288635
19120241287617
19120241287372
19120241288101
19120241286868
19120241287268
19120241287256
19120241287211
19120241286815
19120241283799
19120241281161
19120241286090
19120241284989
19120241285008
19120241284313
19120241282853
19120241283553
19120241283745
19120241282715
19120241282573
19120241282709
19120241282253
19120241281993
19120241281926
19120241280271
19120241280503
19120241280479
19120241279032
19120241280358
19120241280027
19120241279888
19120241279537
19120241279477
19120241279424
19120241278429
19120241279248
19120241279780
19120241278022
19120241278826
19120241277957
19120241277567
19120241272136
19120241276999
19120241274907
19120241274507
19120241273145
19120241273010
19120241272845
19120241272714
19120241272449
19120241263961
19120241271728
19120241269731
19120241269728
19120241269727
19120241269725
19120241267927
19120241267411
19120241267418
19120241267252
19120241266918
19120241266176
19120241265588
19120241267061
19120241266985
19120241257291
19120241266213
19120241265674
19120241265059
19120241264782
19120241265403
19120241264692
19120241264521
19120241264071
19120241263656
19120241256760
19120241261958
19120241262997
19120241262929
19120241261309
19120241261138
19120241261066
19120241260402
19120241260249
19120241260155
19120241259611
19120241250342
19120241259545
19120241259266
19120241249971
19120241257521
19120241258549
19120241258578
19120241258305
19120241258295
19120241257678
19120241240763
19120241257184
19120241256743
19120241256668
19120241256621
19120241254995
19120241254339
19120241255873
19120241255774
19120241255233
19120241254336
19120241253391
19120241254551
19120241254521
19120241253683
19120241252899
19120241250935
19120241252142
19120241242269
19120241248183
19120241248052
19120241250383
19120241250335
19120241250331
19120241250326
19120241249740
19120241249443
19120241249384
19120241249039
19120241248850
19120241247210
19120241246961
19120241244558
19120241245083
19120241244566
19120241244529
19120241244514
19120241244478
19120241244434
19120241244047
19120241243852
19120241243835
19120241243572
19120241243052
19120241242410
19120241242090
19120241241692
19120241241585
19120241241222
19120241241001
19120241240975
19120241240856
19120241240806
19120241237199
19120241240143
19120241240150
19120241239676
19120241239651
19120241239619
19120241239593
19120241234228
19120241234349
19120241239222
19120241232133
19120241233400
19120241239120
19120241238999
19120241238772
19120241237318
19120241237744
19120241237575
19120241237507
19120241237376
19120241236728
19120241236727
19120241236019
19120241234878
19120241234752
19120241234100
19120241234067
19120241221520
19120241212662
19120241231246
19120241229666
19120241229866
19120241229861
19120241229852
19120241228410
19120241228387
19120241227796
19120241226845
19120241226880
19120241225002
19120241224955
19120241224713
19120241224103
19120241223376
19120241222932
19120241164899
19120241217065
19120241215575
19120241220789
19120241217321
19120241217894
19120241216573
19120241218504
19120241216593
19120241216514
19120241216109
19120241193659
19120241215609
19120241215580
19120241214317
19120241214499
19120241214170
19120241214015
1912023972995
19120241212598
19120241212585
19120241209127
19120241210708
19120241210226
19120241204670
19120241205456
19120241206205
19120241196809
19120241203197
19120241200830
19120241200718
19120241200685
19120241199551
19120241200335
19120241196588
19120241197176
19120241197703
19120241197671
19120241197093
19120241191950
19120241194617
19120241193553
19120241193086
19120241191945
19120241190861
19120241189960
19120241154810
19120241189060
19120241188391
19120241186029
19120241170882
19120241184121
19120241170948
19120241181393
19120241179772
19120241181493
19120241181439
19120241174441
19120241179929
19120241179590
19120241179089
19120241178758
19120241153300
19120241158749
19120241176429
19120241174457
19120241174493
19120241172844
19120241169888
19120241169463
19120241169427
19120241169398
19120241169071
19120241168845
19120241168496
19120241166991
19120241166986
19120241161758
19120241165959
19120241165702
19120241165330
19120241165212
19120241165280
19120241129007
19120241132221
19120241162736
19120241163143
19120241162943
19120241162765
19120241162359
19120241161964
19120241161768
19120241161487
19120241161349
19120241160849
19120241160857
19120241160820
19120241160621
19120241160233
19120241160016
19120241159656
19120241159654
19120241159103
19120241158828
19120241158934
19120241158500
19120241157707
19120241157058
19120241157073
19120241156972
19120241156844
19120241153235
19120241156090
19120241155819
19120241155816
19120241155684
19120241155599
19120241155061
19120241152862
19120241152772
19120241152419
19120241151649
19120241151122
19120241151060
19120241150991
19120241150234
19120241150735
19120241150687
19120241150274
19120241150155
19120241150153
19120241149509
19120241149553
19120241148571
19120241148570
19120241148457
19120241148440
19120241148421
19120241148126
19120241147872
19120241147468
19120241146059
19120241146013
19120241145644
19120241145627
19120241145528
19120241144933
19120241145047
19120241144930
19120241144926
19120241138764
19120241144344
19120241143610
1912021680761
19120241141204
19120241142707
19120241139806
19120241140796
19120241140722
19120241139386
19120241138854
19120241136373
19120241136344
19120241135549
19120241135140
19120241135136
19120241135127
19120241135098
19120241125569
19120241130699
19120241130351
19120241129630
19120241129598
19120241126491
19120241129274
19120241128431
19120241124236
19120241125028
19120241128317
19120241127513
19120241126576
19120241126277
19120241114660
19120241124899
19120241125009
19120241121723
19120241090734
19120241120462
19120241118635
19120241118501
19120241118449
19120241108515
19120241114787
19120241114952
19120241111484
19120241113705
19120241113472
19120241112682
19120241109780
19120241111370
19120241111947
19120241111949
19120241111952
19120241112081
19120241111953
19120241111574
19120241111561
19120241111550
19120241111535
19120241111512
19120241111500
19120241111491
19120241111473
19120241111465
19120241094761
19120241110372
19120241110712
19120241110038
19120241109609
19120241104375
19120241106947
19120241106954
19120241106936
19120241106919
19120241106795
19120241106472
19120241105284
19120241104904
19120241100527
19120241104187
19120241101711
19120241101353
19120241101350
19120241099610
19120241099444
19120241099268
19120241098760
19120241088983
19120241097306
19120241096616
19120241096610
19120241096597
19120241094494
19120241093985
19120241093286
19120241092456
19120241092489
19120241092396
19120241090883
19120241090914
19120241083743
19120241090503
19120241090352
19120241090473
19120241090240
19120241089481
19120241086379
19120241086075
19120241084711
19120241079692
19120241083861
19120241081425
19120241081420
19120241081416
19120241081407
19120241081405
19120241081394
19120241081387
19120241081381
19120241081369
19120241081039
19120241080847
19120241080811
19120241080621
19120241080619
19120241080617
19120241080616
19120241080615
19120241080614
19120241080613
19120241080611
19120241080603
19120241080223
19120241080212
19120241080203
19120241080191
19120241080178
19120241080163
19120241080151
19120241080141
19120241080127
19120241080116
19120241079830
19120241079621
19120241079171
19120241078387
19120241074902
19120241075599
19120241072435
19120241071059
19120241057039
19120241070237
19120241068074
19120241066906
19120241063492
19120241064239
19120241064026
19120241061553
19120241061521
19120241060403
19120241060244
19120231036545
19120231055290
19120241057932
19120241057441
19120241057344
19120241057311
19120241056916
19120241056836
19120241056086
19120231055849
19120231055844
19120231055840
19120231055836
19120231055832
19120231055822
19120231055812
19120231054992
19120231054989
19120231054987
19120231054984
19120231054983
19120231054978
19120231054976
19120231054972
19120231054918
19120231054143
19120231054084
19120231054083
19120231054082
19120231054079
19120231054077
19120231054075
19120231053988
19120231054067
19120231054063
19120231054057
19120231054052
19120231054041
19120231053512
19120231053487
19120231053475
19120231053456
19120231052831
19120231053067
19120231053015
19120231052938
19120231052820
19120231052805
19120231052799
19120231052675
19120231052662
19120231051885
19120231051875
19120231051861
19120231051846
19120231051824
19120231051806
19120231051790
19120231051777
19120231049959
19120231051762
19120231051741
19120231005671
19120231050121
19120231050461
19120231050360
19120231048507
19120231048495
19120231048484
19120231048470
19120231048450
19120231048438
19120231048430
19120231048404
19120231048372
19120231048363
19120231048348
19120231048334
19120231048319
19120231048305
19120231048290
19120231048276
19120231048249
19120231048237
19120231048225
19120231048210
19120231048186
19120231048143
19120231048124
19120231048103
19120231047944
19120231047420
19120231047348
19120231046633
19120231047316
19120231047306
19120231047265
19120231037092
19120231046177
19120231046018
19120231045214
19120231044723
19120231044795
19120231044688
19120231043662
19120231043646
19120231043633
19120231043616
19120231042735
19120231040915
19120231036520
19120231036485
19120231039840
19120231038617
19120231038252
19120231036913
19120231036827
19120231036262
19120231036339
19120231034412
19120231033835
19120231033597
19120231031083
19120231032213
19120231032749
19120231031877
19120231031516
19120231028940
19120231028810
1912023983948
19120231026092
19120231022275
19120231021694
19120231021260
19120231018126
19120231020197
19120231020231
19120231019857
19120231019461
19120231019316
19120231018926
19120231017949
19120231017008
19120231013882
19120231008417
19120231015344
19120231012958
19120231015111
19120231014513
19120231012777
19120231010652
19120231010917
19120231010423
19120231009686
19120231009706
19120231009440
19120231008955
19120231008418
19120231008453
19120231005642
19120231007452
19120231006448
19120231005863
1912023951626
19120231004354
19120231001636
19120231001605
19120231001563
19120231001543
19120231001529
19120231001518
19120231001503
19120231001484
19120231001471
19120231001455
19120231001361
19120231001316
19120231001141
1912023999734
1912023998581
1912023997539
1912023997513
1912023998276
1912023997370
1912023997328
1912023997228
1912023997179
1912023991810
1912023997104
1912023997090
1912023997071
1912023992878
1912023993706
1912023992037
1912023969108
1912023991937
1912023990459
1912023983766
1912023990008
1912023974196
1912023988305
1912023988238
1912023985948
1912023987808
1912023985648
1912023981068
1912023967895
1912023986370
1912023986279
1912023986262
1912023986237
1912023986200
1912023986181
1912023986157
1912023986130
1912023985678
1912023984289
1912023984005
1912023983093
1912023980959
1912023980502
1912023981171
1912023981193
1912023981186
1912023980989
1912023977768
1912023977748
1912023977706
1912023977567
1912023977473
1912023970270
1912023975665
1912023976674
1912023975675
1912023972735
1912023965276
1912023965266
1912023972933
1912023972864
1912023971875
1912023971503
1912023970687
1912023970104
1912023969871
1912023969971
1912023969755
1912023968995
1912023965656
1912023968694
1912023926018
1912023966958
1912023962890
1912023965121
1912023964682
1912023963819
1912023962370
1912023962961
1912023960840
1912023961098
1912023959651
1912023958359
1912023959416
1912023959412
1912023958806
1912023956608
1912023954993
1912023954867
1912023953441
1912023953267
1912023953084
1912023951068
1912023951478
1912023951949
1912023950290
1912023949591
1912023947921
1912023947933
1912023947915
1912023947939
1912023946653
1912023946007
1912023945463
1912023944921
1912023944838
1912023939649
1912023943820
1912023939294
1912023938274
1912023937821
1912023904427
1912023936261
1912023936294
1912023934385
1912023935107
1912023934608
1912023934448
1912023934299
1912023934059
1912023934004
1912023933913
1912023932062
1912023931802
1912023930500
1912023930421
1912023929430
1912023929209
1912023924249
1912023928083
1912023927130
1912023926750
1912023926691
1912023923495
1912023923356
1912023923293
1912023923026
1912023923021
1912023921515
1912023921205
1912023921043
1912023920949
1912023920274
1912023918271
1912023917405
1912023918568
1912023916236
1912023917137
1912023916674
1912023916831
1912023915747
1912023914842
1912023913856
1912023913129
1912023912815
1912023912540
1912023911336
1912023910637
1912023910043
1912023909797
1912023909248
1912023909158
1912023907988
1912023905879
1912023905870
1912023903467
1912023895049
1912023890120
1912023889516
1912023888689
1912023884312
1912023882069
1912023882156
1912023881204
1912023872595
1912023856465
1912023867688
1912023866842
1912023866616
1912023862272
1912023860634
1912023851815
1912023853749
1912023852570
1912023852262
1912023850292
1912023849600
1912023846436
1912023846354
1912023843459
1912023842302
1912023841010
1912023836244
1912023835056
1912023834798
1912023832461
1912023832282
1912023830361
1912023825235
1912023825147
1912023824597
1912023819429
1912023817132
1912023816753
1912022811594
1912022810373
1912022807685
1912022806476
1912022804266
1912022804252
1912022802795
1912022802791
1912022802788
1912022802660
1912022801454
1912022797615
1912022796880
1912022794496
1912022789930
1912022783587
1912022789651
1912022789540
1912022789330
1912022783008
1912022782581
1912022775389
1912022775277
1912022775258
1912022775055
1912022771484
1912022765561
1912022768251
1912022768050
1912022766106
1912022764462
1912022758780
1912022757009
1912022756993
1912022754505
1912022752120
1912022752096
1912022750496
1912022750006
1912022750102
1912022746401
1912022746762
1912022745468
1912022740428
1912022737760
1912022737203
1912022736991
1912022735912
1912022734962
1912022734149
1912022734063
1912022732575
1912022732151
1912022729055
1912022729033
1912022726905
1912022727088
1912022726359
1912022726697
1912022726326
1912022728795
1912022728227
1912022725591
1912022728492
1912022728401
1912022725199
1912022726090
1912022725786
1912022727652
1912022727971
1912022725547
1912022725730
1912022725778
1912022727231
1912022726621
1912022726313
1912022726164
1912022725982
1912022725940
1912022725497
1912022725806
1912022725767
1912022725648
1912022725396
1912022725397
1912022725082
1912022725091
1912022724806
1912022725032
1912022725009
1912022725034
1912022725036
1912022725001
1912022724976
1912022724965
1912022724938
1912022724927
1912022724903
1912022724916
1912022724893
1912022724366
1912022724355
1912022724291
1912022722396
1912022722383
1912022722371
1912022722357
1912022723134
1912022722541
1912022716856
1912022722690
1912022716858
1912022721374
1912022716878
1912022717561
1912022716937
1912022716189
1912022715104
1912022713940
1912022713772
1912022713738
1912022712058
1912022712029
1912021710341
1912021710182
1912021710143
1912021708932
1912021708928
1912021709792
1912021709399
1912021707976
1912021703820
1912021703361
1912021703341
1912021703036
1912021702975
1912021701420
1912021701281
1912021701157
1912021699072
1912021698617
1912021699555
1912021695706
1912021697002
1912021696138
1912021695661
1912021695517
1912021695229
1912021695020
1912021695009
1912021694871
1912021694863
1912021694786
1912021694488
1912021514481
1912021694255
1912021679567
1912021576045
1912021575845
1912021344416
1912021196814
1912021192419
